0	4.18879	0.0132577	0.0132171	1.02	0	51898
1	4.18921	0.0830235	0.0654721	1.11968	11415.1	51526.7
2	4.19085	0.195657	0.150232	1.29276	11591	52453.9
3	4.19315	0.285482	0.222844	1.44667	6696.89	52589.9
4	4.1949	0.361641	0.265094	1.5697	2841.46	53144.5
5	4.19612	0.419935	0.28744	1.65826	1259.88	53676.9
6	4.19686	0.461858	0.302086	1.72195	452.603	54083.7
7	4.1973	0.490928	0.308549	1.7629	253.085	53916.3
8	4.19769	0.516848	0.314254	1.79962	71.5536	54133.1
9	4.19804	0.523888	0.319464	1.81357	87.6609	54289.6
10	4.19813	0.535501	0.322669	1.83089	80.6575	54280.2
11	4.19848	0.533527	0.327547	1.83387	124.072	54391.2
12	4.19869	0.540606	0.331634	1.84684	31.1305	54458.1
13	4.19873	0.539063	0.333835	1.84743	28.3138	54472.2
14	4.19891	0.537354	0.338265	1.8503	59.1364	54453.1
15	4.19923	0.537043	0.345246	1.85773	74.1876	54503.5
16	4.19937	0.550653	0.346917	1.87607	27.8359	54848.3
17	4.19931	0.567229	0.349496	1.89909	50.3191	54672.5
18	4.19952	0.572979	0.352927	1.91003	100.912	54748
19	4.19972	0.574473	0.361187	1.92148	74.2613	54769
20	4.1998	0.575454	0.364498	1.92657	59.5146	54790.9
21	4.19995	0.584784	0.367623	1.94169	22.5468	54948.8
22	4.19994	0.586717	0.369647	1.94647	7.42727	54954.5
23	4.19998	0.586142	0.370626	1.94693	6.44719	54982.1
24	4.19996	0.584434	0.371382	1.94574	68.7558	55154.9
25	4.20007	0.596032	0.373677	1.96275	27.1034	55044.2
26	4.20011	0.602902	0.375489	1.9734	73.4631	55106.1
27	4.20022	0.613764	0.377009	1.98863	13.3342	55141.9
28	4.20031	0.625634	0.378283	2.00483	8.46795	55227.3
29	4.20027	0.633491	0.378728	2.01507	106.891	55282.5
30	4.20028	0.638214	0.380653	2.0233	10.2226	55226.7
31	4.20032	0.642361	0.381474	2.02945	14.0525	55320.8
32	4.20035	0.644622	0.382729	2.03382	2.1922	55447.8
33	4.20041	0.648506	0.383793	2.03997	61.73	55367.1
34	4.20052	0.644556	0.386464	2.03845	32.9729	55391.6
35	4.20059	0.641052	0.387125	2.03494	2.46839	55457.6
36	4.20062	0.64105	0.387743	2.03572	3.41154	55471.7
37	4.20068	0.642876	0.388679	2.03917	17.7792	55479.7
38	4.20074	0.65078	0.390345	2.0511	16.0651	55505.8
39	4.20072	0.65351	0.391339	2.05576	2.47935	55476
40	4.20078	0.652645	0.391721	2.05517	46.283	55501.7
41	4.20085	0.659542	0.393312	2.06579	3.77805	55558.9
42	4.20082	0.660726	0.393525	2.06754	5.08252	55665.7
43	4.20087	0.665482	0.393993	2.07407	0.618847	55609.7
44	4.20087	0.665335	0.394122	2.07405	0.0841204	55607
45	4.20087	0.669802	0.394625	2.08026	14.3733	55693.8
46	4.20094	0.673996	0.397911	2.08977	16.1147	55691.8
47	4.20108	0.673887	0.400477	2.09298	19.2029	55723.2
48	4.20114	0.678546	0.401652	2.10035	3.75224	55807.7
49	4.20106	0.683494	0.402156	2.10721	10.0916	55872.5
50	4.20117	0.687223	0.40365	2.11385	100.405	55845.9
51	4.20126	0.686614	0.405905	2.11608	26.7303	55876.2
52	4.20135	0.684371	0.407808	2.11579	28.1504	55988
53	4.20133	0.686498	0.409145	2.12024	5.50545	56051.7
54	4.20121	0.695496	0.409356	2.13184	4.71223	56194.7
55	4.20124	0.712352	0.409997	2.1539	6.01266	56040
56	4.20122	0.725308	0.410993	2.17155	5.20857	56012.5
57	4.20129	0.721522	0.411836	2.16794	70.7841	56083.6
58	4.20137	0.719143	0.412698	2.16612	4.32657	56123.6
59	4.20137	0.718676	0.413035	2.16599	0.386871	56147.5
60	4.20135	0.719425	0.413127	2.16706	8.77148	56163.9
61	4.20131	0.726839	0.413745	2.17725	5.0686	56194.7
62	4.20128	0.737692	0.414052	2.19136	2.37409	56172.3
63	4.20123	0.744243	0.414456	2.20018	4.21902	56208.7
64	4.20122	0.74403	0.415217	2.20097	6.69895	56227.2
65	4.20126	0.742858	0.416129	2.20076	1.03405	56231
66	4.20128	0.740823	0.416734	2.19903	30.0085	56299.3
67	4.2013	0.730246	0.417632	2.18691	4.99755	56215.3
68	4.20131	0.730377	0.417869	2.1874	0.0737017	56215
69	4.20131	0.730254	0.417921	2.18732	0.0756052	56213.3
70	4.20131	0.730425	0.418084	2.18776	2.34418	56215.5
71	4.20129	0.731195	0.418447	2.18923	0.708074	56227
72	4.20129	0.731806	0.418728	2.1904	0.110916	56224.6
73	4.20128	0.731901	0.418836	2.19067	0.0532324	56223
74	4.20128	0.731914	0.418971	2.19087	0.058135	56224.1
75	4.20127	0.732049	0.419101	2.19122	0.25931	56226.5
76	4.20125	0.731878	0.419142	2.19106	5.20498	56226.5
77	4.20128	0.732952	0.419544	2.19298	8.15673	56326.6
78	4.20123	0.732118	0.420002	2.19256	2.36576	56249.3
79	4.20124	0.732404	0.420295	2.19333	0.336576	56251
80	4.20125	0.731706	0.420462	2.19267	5.21271	56251.2
81	4.20128	0.731446	0.420978	2.19306	3.01472	56388.4
82	4.20127	0.72913	0.421781	2.19124	24.7475	56280.3
83	4.20131	0.728956	0.423499	2.19341	40.9706	56300.9
84	4.20153	0.726731	0.42582	2.19382	23.1276	56398.6
85	4.20154	0.722869	0.427004	2.19056	11.1859	56473.7
86	4.20157	0.720801	0.427809	2.18905	1.25938	56397
87	4.20164	0.724585	0.428417	2.19471	48.175	56521.6
88	4.20159	0.737724	0.42991	2.21353	10.3628	56480.2
89	4.2016	0.759553	0.430903	2.24276	8.51225	56560.4
90	4.20153	0.76967	0.431635	2.25671	21.8097	56557.1
91	4.20149	0.783546	0.432248	2.27529	15.8326	56629.9
92	4.20154	0.793757	0.433539	2.2902	16.2672	56900.8
93	4.20156	0.79364	0.435304	2.29264	38.2095	56684.9
94	4.20155	0.797697	0.435452	2.29804	0.599878	56772.9
95	4.20149	0.797839	0.435501	2.29829	6.95737	56763.2
96	4.20148	0.798635	0.436039	2.3001	24.6478	56760.8
97	4.20151	0.803895	0.437385	2.30882	7.73115	56853.9
98	4.20149	0.812328	0.437799	2.32022	21.3036	56920.8
99	4.20151	0.816697	0.439139	2.32781	4.69143	56890.2
100	4.2015	0.81554	0.439316	2.3266	1.80643	56896.7
101	4.2015	0.815062	0.439453	2.32619	0.860906	56906
102	4.20148	0.813142	0.439671	2.32405	0.655738	56937.9
103	4.20148	0.807154	0.439834	2.31662	7.80297	56911.4
104	4.20149	0.808005	0.440832	2.31919	10.9294	56940.7
105	4.20147	0.811567	0.441848	2.32528	6.81658	57104.8
106	4.20155	0.808709	0.442918	2.3232	13.1144	56976.7
107	4.20158	0.809412	0.444041	2.32578	10.3917	57005
108	4.20162	0.822023	0.445012	2.34346	10.5928	57082.5
109	4.20154	0.841087	0.445784	2.36915	1.88706	57273.1
110	4.20147	0.848879	0.44597	2.37946	3.51655	57125
111	4.20145	0.856117	0.446158	2.38907	1.92762	57151.5
112	4.20147	0.85193	0.446571	2.38431	9.73605	57219.7
113	4.20148	0.853516	0.447199	2.38732	8.21881	57210.9
114	4.20144	0.856179	0.447629	2.39141	2.74193	57183.6
115	4.20148	0.859323	0.448068	2.39614	0.462239	57264.4
116	4.20148	0.859101	0.448228	2.3961	0.412518	57257.9
117	4.20143	0.857863	0.448206	2.39447	8.28404	57249.6
118	4.20143	0.855574	0.448306	2.39167	2.43834	57307.8
119	4.20142	0.857303	0.448506	2.39421	5.48064	57303.9
120	4.20136	0.859733	0.448669	2.3976	0.976826	57277.3
121	4.20135	0.859523	0.448907	2.39769	5.29018	57325.8
122	4.20139	0.858214	0.449648	2.39715	0.807355	57348.6
123	4.20132	0.860605	0.449523	2.40004	0.2642	57320.4
124	4.20129	0.860872	0.449592	2.40049	0.0331193	57313.4
125	4.20132	0.863249	0.44982	2.40391	0.717509	57395.6
126	4.2013	0.873283	0.45028	2.41758	5.62187	57384
127	4.20119	0.876607	0.450469	2.42216	3.94295	57365.8
128	4.20118	0.878262	0.450834	2.42487	4.14487	57351
129	4.20117	0.877631	0.450968	2.42426	1.71723	57356
130	4.20121	0.866076	0.452493	2.41172	36.1213	57414.4
131	4.20128	0.846629	0.453946	2.38883	20.45	57386.1
132	4.20126	0.85255	0.454213	2.3969	7.81881	57442
133	4.20121	0.86662	0.454714	2.41589	7.04209	57512.9
134	4.20115	0.876373	0.455023	2.429	9.07278	57469.8
135	4.20111	0.885212	0.455279	2.44084	24.3039	57551.2
136	4.20103	0.896941	0.455765	2.4568	11.0862	57533.8
137	4.20097	0.902888	0.455662	2.46434	1.32377	57570.5
138	4.20097	0.8977	0.455955	2.45809	0.651483	57600.3
139	4.20095	0.890483	0.45598	2.44878	0.271057	57601.3
140	4.20094	0.890043	0.456057	2.44833	0.412382	57590.9
141	4.20087	0.88776	0.456087	2.44542	1.02515	57642.9
142	4.20084	0.886158	0.456286	2.44366	14.524	57538.7
143	4.20085	0.87989	0.457093	2.43682	2.19221	57630.2
144	4.20087	0.877729	0.457581	2.43478	15.3342	57726.4
145	4.20085	0.876905	0.458801	2.43564	13.7985	57698.2
146	4.20095	0.872696	0.459922	2.43195	54.3646	57728.4
147	4.20095	0.874517	0.460235	2.43481	1.42778	57727.3
148	4.2009	0.888994	0.460679	2.45432	1.68931	57770.7
149	4.20084	0.892379	0.461229	2.4596	4.88306	57978.1
150	4.20081	0.900642	0.461634	2.47099	20.5098	57739.7
151	4.2008	0.907652	0.462389	2.48132	22.3192	57809.8
152	4.20081	0.923421	0.463231	2.5032	4.75148	57836.8
153	4.20075	0.931548	0.463582	2.51435	16.2312	57873.3
154	4.20072	0.939819	0.464563	2.52673	11.498	57926.7
155	4.20064	0.946114	0.464716	2.53518	2.5379	57960.9
156	4.20055	0.956884	0.465062	2.54979	1.04047	57965.2
157	4.2005	0.963018	0.465269	2.55813	1.10099	58038
158	4.2005	0.964489	0.465318	2.56013	1.11334	58079.6
159	4.20047	0.944877	0.465576	2.53499	1.19116	58061.4
160	4.20048	0.943681	0.465656	2.53357	4.89098	58051.6
161	4.20044	0.946306	0.465784	2.5372	3.6702	58037.6
162	4.20045	0.949843	0.466182	2.54247	5.77119	58052.4
163	4.20032	0.960423	0.466408	2.55664	1.10351	58031.7
164	4.20028	0.973019	0.466584	2.57337	22.4668	58107.2
165	4.20023	0.983158	0.467036	2.58735	5.64519	58167.9
166	4.20017	0.985777	0.467252	2.59113	3.34686	58191.1
167	4.20015	0.982232	0.467461	2.58686	2.67411	58262.6
168	4.2001	0.978849	0.467581	2.58265	5.15971	58302.1
169	4.20007	0.971694	0.467637	2.5734	0.582938	58181.6
170	4.20001	0.977457	0.467726	2.58108	0.217753	58210.3
171	4.19998	0.987708	0.467827	2.59463	1.32014	58226.4
172	4.1999	1.00676	0.467996	2.61979	1.70166	58285
173	4.19984	1.00762	0.468128	2.62114	1.25303	58307.4
174	4.19983	1.00165	0.468255	2.61355	2.87056	58282
175	4.19981	1.00265	0.468266	2.61488	0.0200223	58286.9
176	4.19982	1.00132	0.468282	2.61317	0.0122445	58294
177	4.1998	1.00258	0.468327	2.61489	0.511297	58298.5
178	4.1998	1.00454	0.468428	2.61762	0.0304471	58395.8
179	4.19979	1.00792	0.468431	2.62205	0.0298266	58327.8
180	4.19975	1.00962	0.468521	2.62441	1.62967	58330.6
181	4.19969	1.01775	0.468836	2.63557	28.4024	58358.2
182	4.19967	1.01162	0.469095	2.62802	1.13272	58364.2
183	4.19967	1.00797	0.469132	2.62331	0.550634	58367
184	4.19963	1.01402	0.46923	2.63138	0.646734	58395.6
185	4.19957	1.01641	0.469387	2.63477	10.454	58413.6
186	4.19953	1.02001	0.469618	2.63987	1.23608	58420.1
187	4.19952	1.02582	0.469883	2.64793	2.97257	58442.3
188	4.19943	1.0358	0.470114	2.66137	4.15478	58547.1
189	4.19937	1.04394	0.470359	2.67245	1.22458	58498.9
190	4.19933	1.04796	0.470646	2.6782	0.939004	58479.4
191	4.1993	1.04776	0.470801	2.67822	1.58424	58486.9
192	4.19928	1.05252	0.471001	2.68478	5.30547	58486.4
193	4.19928	1.05351	0.471392	2.68677	1.87583	58560.5
194	4.19921	1.06334	0.471641	2.70007	4.11151	58565.8
195	4.19924	1.06142	0.47222	2.69859	6.32853	58639.6
196	4.19918	1.06794	0.472633	2.70785	14.1982	58683.8
197	4.1991	1.07857	0.473134	2.72266	5.98439	58667.1
198	4.19905	1.0787	0.473407	2.72331	9.42663	58682.5
199	4.19895	1.09334	0.473728	2.74308	14.7547	58730.4
200	4.19891	1.09741	0.473941	2.74879	3.1014	58715
