0	0.782169	0.0199994	0.99
1	0.782179	0.0199345	0.990047
2	0.782181	0.0198713	0.990085
3	0.78218	0.0199037	0.990088
4	0.78218	0.0199683	0.990079
5	0.78218	0.0200106	0.990074
6	0.78218	0.0200446	0.990075
7	0.78218	0.0200856	0.990078
8	0.78218	0.0201242	0.990081
9	0.78218	0.0201559	0.990084
10	0.78218	0.0201955	0.990085
11	0.78218	0.0202305	0.990084
12	0.782181	0.0202584	0.990081
13	0.782179	0.0202982	0.990074
14	0.782181	0.0203334	0.990068
15	0.782183	0.0203798	0.990057
16	0.782183	0.0204243	0.990048
17	0.782186	0.0204658	0.990036
18	0.782187	0.0205136	0.990023
19	0.782184	0.0205557	0.99001
20	0.782186	0.020601	0.99
21	0.78219	0.0206506	0.989985
22	0.782193	0.0207004	0.989963
23	0.78219	0.0207552	0.989938
24	0.782193	0.0208011	0.989917
25	0.782197	0.0208371	0.989901
26	0.782201	0.0208886	0.989879
27	0.782204	0.0209427	0.989853
28	0.782202	0.0209876	0.989829
29	0.782205	0.0210329	0.989808
30	0.78221	0.021073	0.989794
31	0.782213	0.0211119	0.989775
32	0.782217	0.0211583	0.989753
33	0.782214	0.0212082	0.989733
34	0.782217	0.0212435	0.989718
35	0.782221	0.0212665	0.989709
36	0.782223	0.0213022	0.989697
37	0.782224	0.0213465	0.989681
38	0.782227	0.0213857	0.989666
39	0.782224	0.0214238	0.989653
40	0.782227	0.0214607	0.989642
41	0.782228	0.0214848	0.989637
42	0.782231	0.0215105	0.989628
43	0.782232	0.0215487	0.989616
44	0.782234	0.0215898	0.989604
45	0.782236	0.0216195	0.989592
46	0.782235	0.0216475	0.989582
47	0.782238	0.0217033	0.989574
48	0.782237	0.0218648	0.989569
49	0.782238	0.02199	0.989565
50	0.782242	0.0220916	0.98957
51	0.782245	0.0221859	0.989576
52	0.782248	0.0222806	0.989576
53	0.78225	0.0223727	0.989571
54	0.782253	0.0224611	0.989564
55	0.782251	0.0225542	0.989556
56	0.782253	0.0226458	0.989548
57	0.782253	0.0227235	0.989544
58	0.782256	0.0227977	0.989537
59	0.782258	0.0228697	0.989528
60	0.782259	0.0229387	0.989519
61	0.782261	0.0229977	0.989514
62	0.782264	0.0230548	0.989508
63	0.782265	0.0231158	0.9895
64	0.782268	0.0231768	0.989491
65	0.78227	0.0232316	0.989482
66	0.782272	0.0232879	0.989472
67	0.782274	0.0233392	0.989463
68	0.78227	0.0233911	0.989454
69	0.782274	0.0234212	0.989448
70	0.782276	0.0234539	0.989446
71	0.782279	0.0234796	0.989442
72	0.782278	0.023519	0.989435
73	0.782281	0.0235605	0.989423
74	0.782283	0.0236206	0.989409
75	0.782281	0.023677	0.989399
76	0.782284	0.0237372	0.989389
77	0.782288	0.0237825	0.989382
78	0.782291	0.0238275	0.98937
79	0.782294	0.0238861	0.989353
80	0.782298	0.0239374	0.989333
81	0.782302	0.0239885	0.989313
82	0.782306	0.0240409	0.989292
83	0.782304	0.024081	0.989273
84	0.782309	0.0241252	0.989257
85	0.782312	0.0241684	0.989247
86	0.782314	0.0241945	0.989237
87	0.782318	0.0242234	0.989225
88	0.782321	0.0242675	0.98921
89	0.782324	0.0243076	0.989196
90	0.782327	0.0243327	0.989182
91	0.782326	0.024361	0.98917
92	0.782329	0.0243988	0.989158
93	0.782331	0.0244321	0.98915
94	0.782333	0.0244547	0.989144
95	0.782335	0.0244881	0.989134
96	0.782337	0.024525	0.989123
97	0.782338	0.0245517	0.989111
98	0.782339	0.0245671	0.989102
99	0.782341	0.0245736	0.989093
100	0.782342	0.0245853	0.989087
101	0.782341	0.0246087	0.989085
102	0.782341	0.0246354	0.989084
103	0.782343	0.0246546	0.989082
104	0.782344	0.024657	0.989083
105	0.782345	0.0246636	0.98908
106	0.782348	0.0247528	0.989075
107	0.782352	0.0249146	0.989067
108	0.782353	0.0250531	0.989059
109	0.782357	0.0251734	0.989051
110	0.78236	0.0252677	0.989044
111	0.782362	0.0253523	0.989039
112	0.782361	0.0254388	0.989037
113	0.782363	0.0255258	0.989035
114	0.782363	0.0256072	0.989038
115	0.782361	0.0256817	0.989041
116	0.782362	0.0257502	0.989047
117	0.782363	0.0258123	0.989052
118	0.782364	0.0258686	0.989055
119	0.782366	0.0259268	0.989055
120	0.782367	0.0259914	0.98905
121	0.782369	0.0260544	0.989042
122	0.78237	0.0261145	0.989032
123	0.782372	0.0261698	0.989022
124	0.782373	0.0262304	0.989013
125	0.782375	0.0262855	0.989003
126	0.782377	0.0263347	0.988994
127	0.782378	0.0263871	0.988987
128	0.78238	0.0264349	0.98898
129	0.782382	0.0264705	0.988974
130	0.78238	0.0265092	0.988971
131	0.782383	0.0265393	0.988966
132	0.782386	0.0265808	0.988964
133	0.782389	0.0266186	0.988959
134	0.782392	0.0266364	0.988949
135	0.782396	0.0266755	0.988934
136	0.7824	0.026724	0.988914
137	0.782403	0.0267574	0.988893
138	0.782408	0.026799	0.988873
139	0.782412	0.0268483	0.988853
140	0.782416	0.0268868	0.988833
141	0.78242	0.0269325	0.988815
142	0.782424	0.0269953	0.988798
143	0.782425	0.0270435	0.988782
144	0.782426	0.0270685	0.988769
145	0.782429	0.0271012	0.988759
146	0.782432	0.0271252	0.988766
147	0.782434	0.02716	0.988757
148	0.78232	0.0272663	0.988674
149	0.782269	0.02737	0.988607
150	0.782242	0.0274733	0.988537
151	0.782215	0.0275568	0.988473
152	0.7822	0.0276191	0.98842
153	0.782189	0.0276877	0.988371
154	0.78218	0.0277596	0.988324
155	0.782173	0.0278264	0.988282
156	0.782171	0.0278859	0.988242
157	0.782168	0.0279189	0.98821
158	0.782163	0.027954	0.988173
159	0.782162	0.0280044	0.988136
160	0.782159	0.0280564	0.988108
161	0.78216	0.028121	0.988071
162	0.782156	0.0281691	0.98805
163	0.782159	0.0282107	0.988023
164	0.782154	0.0282368	0.987997
165	0.782155	0.0282609	0.987985
166	0.782157	0.0284053	0.987959
167	0.782155	0.0285758	0.987937
168	0.782159	0.0287093	0.987929
169	0.782162	0.028836	0.987909
170	0.782162	0.0289446	0.987891
171	0.782166	0.0290313	0.987877
172	0.782162	0.0291101	0.987868
173	0.782163	0.0291781	0.987868
174	0.782165	0.0292562	0.987853
175	0.782167	0.0293335	0.987835
176	0.782164	0.0294042	0.98782
177	0.782166	0.0294617	0.987814
178	0.782168	0.0295299	0.987796
179	0.78217	0.0295936	0.987777
180	0.782173	0.0296507	0.98776
181	0.782174	0.0297226	0.987746
182	0.782171	0.0297809	0.987734
183	0.78217	0.0298256	0.987733
184	0.782172	0.0298633	0.98773
185	0.782174	0.0299222	0.987717
186	0.782172	0.0299749	0.987703
187	0.782176	0.0300307	0.987692
188	0.782177	0.0300866	0.987684
189	0.782172	0.0301354	0.987685
190	0.782173	0.0301618	0.987686
191	0.782175	0.0302169	0.987673
192	0.782175	0.0302672	0.987655
193	0.782178	0.0303319	0.987636
194	0.782175	0.0303733	0.987624
195	0.782178	0.0304078	0.987617
196	0.78218	0.0304746	0.987597
197	0.782178	0.0305305	0.987572
198	0.782183	0.0305948	0.987551
199	0.782187	0.0306613	0.98752
200	0.782186	0.0307319	0.987485
201	0.78219	0.030801	0.987455
202	0.782196	0.0308623	0.987428
203	0.782197	0.0309488	0.987392
204	0.782197	0.0310152	0.987361
205	0.782205	0.0310682	0.987336
206	0.782208	0.0311402	0.987308
207	0.782207	0.0312076	0.987282
208	0.782211	0.0312729	0.987265
209	0.782216	0.0313301	0.987244
210	0.782216	0.0314051	0.987216
211	0.782221	0.0314841	0.98719
212	0.782225	0.0315573	0.987164
213	0.782229	0.0317259	0.987133
214	0.782234	0.0319656	0.987103
215	0.782238	0.03217	0.987078
216	0.782245	0.0323421	0.987063
217	0.782252	0.032508	0.987043
218	0.782253	0.0326655	0.98702
219	0.782258	0.0328067	0.986996
220	0.782262	0.0329514	0.986973
221	0.782267	0.0330954	0.986944
222	0.78227	0.0332216	0.986915
223	0.782273	0.0333398	0.986893
224	0.782278	0.0334502	0.98688
225	0.782277	0.0335593	0.986868
226	0.782283	0.0336681	0.98685
227	0.782288	0.033773	0.986828
228	0.782294	0.0338826	0.986801
229	0.782297	0.0339923	0.98677
230	0.782303	0.0341027	0.98674
231	0.782309	0.0342062	0.986709
232	0.782316	0.034313	0.986674
233	0.78232	0.0344169	0.986637
234	0.782324	0.0345179	0.986605
235	0.782329	0.0346099	0.986578
236	0.782335	0.0346943	0.986559
237	0.782339	0.0349597	0.98654
238	0.782347	0.0351967	0.986518
239	0.782354	0.0354071	0.986494
240	0.78236	0.0356051	0.986469
241	0.782369	0.0358019	0.986439
242	0.782373	0.035989	0.986408
243	0.78238	0.0361536	0.986383
244	0.782387	0.0363095	0.986363
245	0.78239	0.0364503	0.986342
246	0.782398	0.0365944	0.986316
247	0.782406	0.0367321	0.986285
248	0.782346	0.0368506	0.986265
249	0.782278	0.0369582	0.986255
250	0.782245	0.0372362	0.986074
251	0.782207	0.0374449	0.985961
252	0.782184	0.0376465	0.985855
253	0.78217	0.0378456	0.985754
254	0.782163	0.0380427	0.985657
255	0.782162	0.038326	0.985568
256	0.782163	0.0386875	0.985485
257	0.782163	0.0390017	0.985405
258	0.782166	0.0392907	0.985325
259	0.782171	0.039566	0.985244
260	0.782179	0.0398218	0.985165
261	0.782182	0.0400685	0.985088
262	0.782188	0.0402982	0.985018
263	0.782191	0.0405154	0.984954
264	0.7822	0.0407195	0.984894
265	0.782206	0.0409254	0.984829
266	0.782212	0.0411252	0.984766
267	0.782221	0.0413228	0.984702
268	0.782225	0.0415118	0.984638
269	0.782235	0.041717	0.984578
270	0.782242	0.0421052	0.984518
271	0.782255	0.0424355	0.984464
272	0.782263	0.0427306	0.984412
273	0.782273	0.0430019	0.984365
274	0.782278	0.0432534	0.984318
275	0.782289	0.0434911	0.98427
276	0.782294	0.0437084	0.984224
277	0.782304	0.0439142	0.98418
278	0.782311	0.0441058	0.98414
279	0.782318	0.0442997	0.984094
280	0.782325	0.0444912	0.98405
281	0.782332	0.0446801	0.984009
282	0.782342	0.044998	0.983966
283	0.782353	0.0453857	0.983923
284	0.782365	0.0457416	0.983873
285	0.782375	0.0460741	0.983821
286	0.782388	0.0463925	0.983763
287	0.782257	0.046777	0.983623
288	0.782212	0.0471209	0.983507
289	0.782188	0.0474486	0.983393
290	0.782175	0.0477621	0.983287
291	0.782166	0.0480613	0.983191
292	0.782163	0.0485839	0.983099
293	0.782165	0.0490685	0.983001
294	0.782167	0.0495217	0.982902
295	0.782171	0.0499505	0.982804
296	0.782173	0.0503479	0.982715
297	0.78218	0.0507213	0.982626
298	0.782184	0.0510731	0.982538
299	0.782191	0.0515164	0.982454
300	0.782203	0.0520694	0.982363
301	0.782214	0.0525833	0.982266
302	0.782227	0.0530735	0.982166
303	0.782238	0.0535369	0.982065
304	0.78225	0.0539701	0.981966
305	0.782262	0.0543798	0.981867
306	0.782283	0.0550083	0.981766
307	0.782299	0.0555795	0.981669
308	0.782317	0.056105	0.981572
309	0.782333	0.0565993	0.981474
310	0.782351	0.0570607	0.981376
311	0.782372	0.0575061	0.981273
312	0.782227	0.0582653	0.981079
313	0.782188	0.0589504	0.980894
314	0.782171	0.0595859	0.980717
315	0.782165	0.0601705	0.98055
316	0.782164	0.0607095	0.980387
317	0.782174	0.0613622	0.98023
318	0.782181	0.0620779	0.980078
319	0.782196	0.0627336	0.979934
320	0.782209	0.0633426	0.979792
321	0.782224	0.0638978	0.979656
322	0.78224	0.0645425	0.979531
323	0.782257	0.0652743	0.979409
324	0.782277	0.0659576	0.979286
325	0.782296	0.0666028	0.97916
326	0.782315	0.0671994	0.979035
327	0.782338	0.0680193	0.978911
328	0.782361	0.068788	0.978789
329	0.782232	0.0695792	0.978601
330	0.782187	0.0703286	0.978399
331	0.782171	0.071295	0.978201
332	0.78217	0.0721965	0.978009
333	0.782172	0.0730291	0.977833
334	0.782178	0.0739016	0.977667
335	0.782192	0.0748811	0.977505
336	0.782207	0.0757899	0.977342
337	0.782222	0.0766705	0.977172
338	0.782244	0.0777578	0.977006
339	0.782268	0.0787533	0.976838
340	0.782293	0.0797294	0.976663
341	0.782321	0.0808944	0.976492
342	0.78235	0.0819608	0.976324
343	0.782231	0.083156	0.9761
344	0.782185	0.0844306	0.975854
345	0.782168	0.0856232	0.975607
346	0.782172	0.0870247	0.975363
347	0.782182	0.0883106	0.975124
348	0.782202	0.0897145	0.974896
349	0.782224	0.0910688	0.974676
350	0.78225	0.092504	0.97446
351	0.782279	0.0939357	0.974247
352	0.782311	0.0954425	0.974034
353	0.782348	0.0969514	0.973818
354	0.78221	0.0984996	0.97366
355	0.78218	0.100191	0.973317
356	0.782173	0.102007	0.973008
357	0.78218	0.103737	0.972716
358	0.782201	0.105632	0.972427
359	0.78223	0.107567	0.972131
360	0.782266	0.109459	0.971838
361	0.782308	0.111543	0.971546
362	0.7823	0.113649	0.971255
363	0.782193	0.115846	0.970887
364	0.782175	0.118115	0.97053
365	0.782186	0.120525	0.970173
366	0.782213	0.123004	0.969819
