0	0.782169	0.0199994	0.99
1	0.782179	0.0199345	0.990047
2	0.782181	0.0198705	0.990085
3	0.78218	0.0199011	0.990089
4	0.782179	0.0199626	0.99008
5	0.782179	0.0199996	0.990079
6	0.782179	0.020029	0.990081
7	0.782179	0.0200634	0.990086
8	0.782179	0.0200992	0.99009
9	0.782178	0.0201245	0.990095
10	0.782178	0.0201559	0.990099
11	0.782178	0.020191	0.990101
12	0.782178	0.0202146	0.990099
13	0.782177	0.0202416	0.990097
14	0.782177	0.0202764	0.990092
15	0.782179	0.0203069	0.990085
16	0.78218	0.0203468	0.990076
17	0.782181	0.0203868	0.990068
18	0.782182	0.0204185	0.990058
19	0.782185	0.0204587	0.990045
20	0.782187	0.0205009	0.99003
21	0.782183	0.0205347	0.990015
22	0.782186	0.0205754	0.990001
23	0.782188	0.0206172	0.98999
24	0.782191	0.0206545	0.989971
25	0.782194	0.0206939	0.989949
26	0.782197	0.020737	0.989926
27	0.782194	0.0207761	0.989907
28	0.782196	0.0207998	0.989893
29	0.782199	0.0208275	0.989881
30	0.782203	0.0208709	0.989863
31	0.782205	0.020916	0.989844
32	0.782203	0.0209454	0.989826
33	0.782204	0.0209644	0.989813
34	0.782207	0.0209865	0.989806
35	0.782209	0.0210176	0.989797
36	0.782212	0.0210521	0.989782
37	0.782214	0.0210748	0.989769
38	0.782215	0.021101	0.989757
39	0.782217	0.0211324	0.989747
40	0.782214	0.0211622	0.989738
41	0.782215	0.0211812	0.989734
42	0.782215	0.0211885	0.989735
43	0.782217	0.0212056	0.989734
44	0.782218	0.0212373	0.989729
45	0.782218	0.0212724	0.989722
46	0.782219	0.0212964	0.989716
47	0.78222	0.0213111	0.989709
48	0.78222	0.0213249	0.989705
49	0.782221	0.0213443	0.989702
50	0.782222	0.0213688	0.989697
51	0.782222	0.0213899	0.989693
52	0.782223	0.0214011	0.989689
53	0.782219	0.0214136	0.989686
54	0.782219	0.0214322	0.989686
55	0.782219	0.0214531	0.989687
56	0.782221	0.0214723	0.989687
57	0.782219	0.021489	0.989682
58	0.782219	0.0214989	0.989677
59	0.78222	0.0214997	0.989673
60	0.78222	0.0215023	0.98967
61	0.782219	0.0215107	0.989671
62	0.782219	0.0215218	0.989675
63	0.782219	0.0215346	0.989679
64	0.782219	0.0215484	0.98968
65	0.782219	0.0215611	0.989678
66	0.782219	0.0215714	0.989676
67	0.782222	0.0216438	0.989674
68	0.782224	0.021768	0.989669
69	0.782227	0.0218657	0.989665
70	0.782229	0.0219446	0.989661
71	0.782231	0.0220153	0.989656
72	0.782233	0.0220808	0.989652
73	0.782234	0.0221421	0.989647
74	0.782236	0.0222026	0.989644
75	0.782237	0.022262	0.98964
76	0.782238	0.0223179	0.989638
77	0.782239	0.0223706	0.989636
78	0.782239	0.0224203	0.989636
79	0.78224	0.0224619	0.989635
80	0.78224	0.022501	0.989636
81	0.78224	0.022543	0.989638
82	0.782241	0.0225737	0.989638
83	0.782241	0.0226106	0.989639
84	0.782241	0.0226394	0.98964
85	0.782242	0.0226735	0.98964
86	0.782241	0.0226939	0.989642
87	0.782242	0.0227286	0.989642
88	0.782237	0.0227346	0.989645
89	0.782235	0.0227481	0.98965
90	0.782236	0.0227726	0.989656
91	0.782236	0.0227795	0.98966
92	0.782237	0.0228023	0.989659
93	0.782237	0.0228364	0.989657
94	0.782238	0.0228569	0.989653
95	0.78224	0.0228589	0.989647
96	0.782242	0.0228842	0.989639
97	0.782244	0.0229201	0.989628
98	0.782246	0.0229534	0.989614
99	0.782249	0.0229671	0.989601
100	0.782252	0.0229962	0.989586
101	0.782255	0.0230323	0.989571
102	0.782257	0.0230673	0.989556
103	0.782256	0.0230914	0.989544
104	0.782257	0.0231034	0.989532
105	0.782259	0.0231016	0.989526
106	0.782261	0.0231191	0.989522
107	0.782262	0.0231501	0.989515
108	0.782263	0.0231799	0.989506
109	0.782265	0.0232057	0.989497
110	0.782266	0.0232234	0.989491
111	0.782268	0.0232234	0.989484
112	0.782269	0.0232326	0.989478
113	0.78227	0.0232538	0.989473
114	0.782271	0.0232737	0.98947
115	0.782272	0.0232875	0.989466
116	0.782272	0.0232877	0.989465
117	0.782272	0.0232799	0.989462
118	0.782273	0.0232736	0.989462
119	0.782273	0.0232752	0.989461
120	0.782273	0.0232822	0.98946
121	0.782272	0.0232899	0.989461
122	0.782272	0.0232964	0.989463
123	0.782273	0.0233009	0.989464
124	0.782272	0.0232908	0.989466
125	0.782272	0.0232834	0.989467
126	0.782272	0.0232935	0.98947
127	0.782271	0.0233082	0.989472
128	0.782271	0.0233212	0.989474
129	0.782271	0.0233316	0.989475
130	0.78227	0.0233383	0.989477
131	0.78227	0.023344	0.989478
132	0.78227	0.0233479	0.989479
133	0.782269	0.0233513	0.98948
134	0.782269	0.0233515	0.989483
135	0.782268	0.0233515	0.989485
136	0.782268	0.0233499	0.989487
137	0.782267	0.0233471	0.98949
138	0.782267	0.0233433	0.989493
139	0.782266	0.0233364	0.989498
140	0.782265	0.0233309	0.989501
141	0.782265	0.023324	0.989506
142	0.782264	0.0233173	0.989509
143	0.782263	0.0233106	0.989512
144	0.782263	0.0233025	0.989516
145	0.782262	0.0232944	0.98952
146	0.782262	0.0232881	0.989521
147	0.782261	0.0232809	0.989524
148	0.782261	0.0232737	0.989526
149	0.782261	0.0232662	0.989528
150	0.78226	0.023259	0.98953
151	0.78226	0.0232517	0.989532
152	0.78226	0.0232448	0.989533
153	0.782259	0.0232367	0.989536
154	0.782259	0.0232292	0.989538
155	0.782258	0.0232217	0.98954
156	0.782258	0.0232137	0.989543
157	0.782257	0.023206	0.989546
158	0.782257	0.0231979	0.989549
159	0.782256	0.0231894	0.989552
160	0.782256	0.0231814	0.989555
161	0.782255	0.0231731	0.989559
162	0.782254	0.0231652	0.989562
163	0.782252	0.0231561	0.989567
164	0.782252	0.0231487	0.989571
165	0.782251	0.0231414	0.989575
166	0.782249	0.0231343	0.98958
167	0.782249	0.0231333	0.989583
168	0.782248	0.023127	0.989589
169	0.782247	0.0231159	0.989595
170	0.782246	0.0231122	0.989602
171	0.782245	0.0231152	0.989607
172	0.782244	0.023121	0.989611
173	0.782244	0.0231298	0.989613
174	0.782244	0.0231416	0.989614
175	0.782244	0.0231544	0.989613
176	0.782244	0.0231586	0.989613
177	0.782244	0.0231593	0.989612
178	0.782245	0.0231567	0.98961
179	0.782245	0.0231518	0.989608
180	0.782246	0.0231466	0.989605
181	0.782246	0.023142	0.989603
182	0.782247	0.0231381	0.989599
183	0.782247	0.0231331	0.989597
184	0.782248	0.0231248	0.989592
185	0.782249	0.0231237	0.989588
186	0.782249	0.0231425	0.989583
187	0.78225	0.023156	0.989579
188	0.782251	0.0231625	0.989575
189	0.782252	0.0231764	0.989569
190	0.782252	0.023182	0.989566
191	0.782253	0.0231879	0.989562
192	0.782253	0.0231912	0.989558
193	0.782254	0.0231906	0.989556
194	0.782254	0.0231885	0.989554
195	0.782254	0.0231853	0.989554
196	0.782254	0.0231833	0.989553
197	0.782254	0.0231779	0.989553
198	0.782254	0.0231774	0.989555
199	0.782254	0.0231747	0.989557
200	0.782254	0.0231727	0.989558
201	0.782254	0.0231704	0.98956
202	0.782253	0.0231698	0.989561
203	0.782253	0.0231685	0.989564
204	0.782253	0.0231691	0.989564
205	0.782252	0.023168	0.989565
206	0.782252	0.0231671	0.989566
207	0.782252	0.0231659	0.989567
208	0.782252	0.0231638	0.989569
209	0.782252	0.0231628	0.98957
210	0.782251	0.023161	0.989571
211	0.782251	0.0231589	0.989573
212	0.782251	0.023157	0.989575
213	0.78225	0.023155	0.989576
214	0.78225	0.0231543	0.989577
215	0.78225	0.0231521	0.989579
216	0.78225	0.0231507	0.989581
217	0.782249	0.0231491	0.989582
218	0.782249	0.0231476	0.989583
219	0.782249	0.0231429	0.989586
220	0.782249	0.0231408	0.989587
221	0.782248	0.0231473	0.989588
222	0.782248	0.0231496	0.989589
223	0.782248	0.023146	0.98959
224	0.782248	0.0231466	0.98959
225	0.782248	0.0231466	0.989591
226	0.782248	0.0231427	0.989592
227	0.782248	0.0231385	0.989593
228	0.782248	0.0231356	0.989594
229	0.782248	0.0231347	0.989594
230	0.782248	0.0231335	0.989594
231	0.782248	0.0231337	0.989594
232	0.782248	0.0231344	0.989594
233	0.782248	0.0231359	0.989593
234	0.782248	0.0231375	0.989592
235	0.782248	0.0231388	0.989592
236	0.782248	0.0231398	0.989591
237	0.782248	0.0231408	0.98959
238	0.782248	0.0231416	0.98959
239	0.782248	0.023142	0.989589
240	0.782248	0.023143	0.989588
241	0.782249	0.0231437	0.989587
242	0.782249	0.0231443	0.989586
243	0.782249	0.0231436	0.989586
244	0.782249	0.0231446	0.989585
245	0.782249	0.0231449	0.989585
246	0.782249	0.0231458	0.989584
247	0.782249	0.0231469	0.989583
248	0.782249	0.0231475	0.989583
249	0.782249	0.0231479	0.989582
250	0.78225	0.0231484	0.989582
251	0.78225	0.0231488	0.989581
252	0.78225	0.0231492	0.989581
253	0.78225	0.0231495	0.98958
254	0.78225	0.0231498	0.98958
255	0.78225	0.0231502	0.98958
256	0.78225	0.0231506	0.989579
257	0.78225	0.023151	0.989579
258	0.78225	0.023151	0.989579
259	0.78225	0.0231509	0.989579
260	0.78225	0.0231515	0.989579
261	0.78225	0.0231514	0.989579
262	0.78225	0.0231518	0.989579
263	0.78225	0.023152	0.989579
264	0.78225	0.0231522	0.989579
265	0.78225	0.0231522	0.989579
266	0.78225	0.0231523	0.989579
267	0.78225	0.0231523	0.98958
268	0.78225	0.0231523	0.98958
269	0.78225	0.0231521	0.98958
270	0.78225	0.0231517	0.98958
271	0.78225	0.0231513	0.989581
272	0.78225	0.0231509	0.989581
273	0.782249	0.0231493	0.989583
274	0.782249	0.0231499	0.989582
275	0.782249	0.0231483	0.989583
276	0.782249	0.0231487	0.989583
277	0.782249	0.023148	0.989583
278	0.782249	0.0231483	0.989583
279	0.782249	0.023147	0.989584
280	0.782249	0.0231458	0.989585
281	0.782249	0.0231458	0.989585
282	0.782249	0.0231452	0.989585
283	0.782249	0.023144	0.989586
284	0.782249	0.0231439	0.989585
285	0.782249	0.0231428	0.989586
286	0.782249	0.0231436	0.989585
287	0.782249	0.0231433	0.989586
288	0.782249	0.0231436	0.989586
289	0.782249	0.0231427	0.989587
290	0.782249	0.0231433	0.989586
291	0.782249	0.0231429	0.989587
292	0.782249	0.023144	0.989586
293	0.782249	0.0231432	0.989587
294	0.782249	0.0231424	0.989587
295	0.782249	0.0231427	0.989587
296	0.782249	0.0231425	0.989587
297	0.782249	0.0231424	0.989587
298	0.782249	0.0231426	0.989587
299	0.782249	0.0231422	0.989587
300	0.782249	0.0231425	0.989587
301	0.782249	0.0231424	0.989587
302	0.782249	0.0231429	0.989587
303	0.782249	0.0231425	0.989587
304	0.782249	0.0231426	0.989587
305	0.782249	0.0231436	0.989586
306	0.782249	0.0231434	0.989586
307	0.782249	0.0231436	0.989586
308	0.782249	0.0231436	0.989585
309	0.782249	0.0231435	0.989586
310	0.782249	0.0231439	0.989585
311	0.782249	0.0231442	0.989585
312	0.782249	0.0231445	0.989585
313	0.782249	0.0231442	0.989585
314	0.782249	0.0231444	0.989585
315	0.782249	0.0231442	0.989585
316	0.782249	0.0231445	0.989584
317	0.782249	0.0231448	0.989584
318	0.782249	0.0231448	0.989584
319	0.782249	0.0231455	0.989584
320	0.782249	0.0231447	0.989584
321	0.782249	0.0231451	0.989584
322	0.782249	0.0231449	0.989584
323	0.782249	0.0231448	0.989584
324	0.782249	0.0231452	0.989584
325	0.782249	0.0231449	0.989584
326	0.782249	0.0231448	0.989584
327	0.782249	0.0231454	0.989584
328	0.782249	0.0231445	0.989584
329	0.782249	0.0231449	0.989584
330	0.782249	0.0231447	0.989584
331	0.782249	0.0231446	0.989584
332	0.782249	0.0231449	0.989584
333	0.782249	0.0231453	0.989584
334	0.782249	0.0231453	0.989584
335	0.782249	0.0231452	0.989584
336	0.782249	0.0231454	0.989584
337	0.782249	0.023145	0.989584
338	0.782249	0.0231445	0.989584
339	0.782249	0.0231446	0.989584
340	0.782249	0.0231447	0.989584
341	0.782249	0.0231438	0.989585
342	0.782249	0.0231436	0.989585
343	0.782249	0.0231438	0.989585
344	0.782249	0.0231434	0.989585
345	0.782249	0.0231442	0.989585
346	0.782249	0.0231439	0.989585
347	0.782249	0.0231436	0.989585
348	0.782249	0.0231436	0.989585
349	0.782249	0.0231432	0.989585
350	0.782249	0.0231432	0.989586
351	0.782249	0.0231435	0.989586
352	0.782249	0.0231434	0.989586
353	0.782249	0.0231435	0.989586
354	0.782249	0.0231427	0.989586
355	0.782249	0.0231429	0.989586
356	0.782249	0.0231429	0.989586
357	0.782249	0.0231424	0.989586
358	0.782249	0.0231428	0.989586
359	0.782249	0.0231425	0.989586
360	0.782249	0.0231426	0.989586
361	0.782249	0.0231422	0.989587
362	0.782249	0.0231426	0.989586
363	0.782249	0.0231427	0.989586
364	0.782249	0.0231428	0.989586
365	0.782249	0.0231428	0.989586
366	0.782249	0.0231427	0.989586
367	0.782249	0.023143	0.989586
368	0.782249	0.0231436	0.989585
369	0.782249	0.0231441	0.989584
370	0.782249	0.0231433	0.989585
371	0.782249	0.0231431	0.989585
372	0.782249	0.0231429	0.989585
373	0.782249	0.023144	0.989585
374	0.782249	0.0231437	0.989585
375	0.782249	0.0231438	0.989585
376	0.782249	0.0231438	0.989585
377	0.782249	0.0231438	0.989585
378	0.782249	0.0231438	0.989585
379	0.782249	0.0231435	0.989585
380	0.782249	0.0231432	0.989585
381	0.782249	0.023143	0.989585
382	0.782249	0.023143	0.989585
383	0.782249	0.0231432	0.989585
384	0.782249	0.0231432	0.989585
385	0.782249	0.0231436	0.989585
386	0.782249	0.0231434	0.989585
387	0.782249	0.0231434	0.989585
388	0.782249	0.0231436	0.989585
389	0.782249	0.0231445	0.989584
390	0.782249	0.0231442	0.989584
391	0.782249	0.0231443	0.989584
392	0.782249	0.0231441	0.989584
393	0.782249	0.0231439	0.989584
394	0.782249	0.0231438	0.989584
395	0.782249	0.0231437	0.989585
396	0.782249	0.0231432	0.989585
397	0.782249	0.0231429	0.989585
398	0.782249	0.0231432	0.989585
399	0.782249	0.0231426	0.989586
400	0.782249	0.0231419	0.989586
401	0.782249	0.0231422	0.989586
402	0.782249	0.0231435	0.989585
403	0.782249	0.023143	0.989585
404	0.782249	0.0231432	0.989585
405	0.782249	0.0231425	0.989586
406	0.782249	0.0231426	0.989586
407	0.782249	0.023143	0.989585
408	0.782249	0.0231425	0.989586
409	0.782249	0.0231416	0.989586
410	0.782249	0.0231389	0.989586
411	0.782249	0.0231383	0.989586
412	0.782249	0.0231462	0.989586
413	0.782249	0.0231515	0.989586
414	0.782249	0.0231529	0.989586
415	0.782249	0.0231522	0.989586
416	0.782249	0.0231513	0.989586
417	0.782249	0.02315	0.989586
418	0.782249	0.0231497	0.989585
419	0.782249	0.023149	0.989585
420	0.782249	0.0231484	0.989585
421	0.782249	0.0231473	0.989586
422	0.782249	0.023147	0.989585
423	0.782249	0.0231465	0.989585
424	0.782249	0.0231459	0.989585
425	0.782249	0.023146	0.989584
426	0.782249	0.0231453	0.989584
427	0.78225	0.0231456	0.989583
428	0.78225	0.0231449	0.989583
429	0.78225	0.0231449	0.989582
