0	4.18876	0.0655673	0.0625941	1.09999
1	4.18877	0.0631864	0.063801	1.09822
2	4.18877	0.0626676	0.0637047	1.09763
3	4.18876	0.0626277	0.0637307	1.0976
4	4.18876	0.0628861	0.0637345	1.09787
5	4.18884	0.0636852	0.0630919	1.09833
6	4.18883	0.0639989	0.0637543	1.09903
7	4.18885	0.0638359	0.0635329	1.09874
8	4.18885	0.063474	0.0633707	1.09827
9	4.18888	0.0634909	0.06312	1.09815
10	4.18887	0.0633304	0.0632618	1.09806
11	4.18887	0.0637811	0.0633033	1.09855
12	4.18891	0.064401	0.0625177	1.09875
13	4.18878	0.0666702	0.0635627	1.10168
14	4.18884	0.0697982	0.0648385	1.10564
15	4.18887	0.0693418	0.064768	1.10513
16	4.18884	0.0694458	0.065307	1.10555
17	4.1889	0.0693177	0.0643102	1.10484
18	4.18894	0.0692535	0.0640307	1.10462
19	4.18898	0.0700955	0.0628504	1.10481
20	4.18893	0.0738718	0.0620664	1.10826
21	4.18876	0.0828242	0.0617904	1.11734
22	4.18889	0.0897183	0.0629347	1.12512
23	4.18898	0.0890704	0.0624085	1.12415
24	4.18897	0.0893626	0.0621828	1.12432
25	4.18902	0.0891628	0.0622754	1.12417
26	4.18909	0.0887078	0.0621491	1.12362
27	4.18923	0.0849508	0.0604919	1.11879
28	4.18925	0.0802299	0.0595323	1.11337
29	4.18923	0.0752076	0.057891	1.10726
30	4.18917	0.0654585	0.0551931	1.0957
31	4.18928	0.0564102	0.0522642	1.08476
32	4.18928	0.0540401	0.0515449	1.08192
33	4.18929	0.0460987	0.0502094	1.07304
34	4.18937	0.0367787	0.0484917	1.06254
35	4.18941	0.0239998	0.0357077	1.04261
36	4.18925	0.0160763	0.0315913	1.03238
37	4.18936	0.00242087	0.0260788	1.01566
38	4.18944	-0.0161194	0.0191056	0.99337
39	4.18931	-0.0234431	0.00104642	0.977068
40	4.18901	-0.0445005	-0.0128274	0.94941
41	4.18894	-0.068245	-0.0408814	0.913091
42	4.18894	-0.0943792	-0.0700998	0.874954
43	4.18893	-0.117446	-0.0989616	0.840944
44	4.18852	-0.138096	-0.128336	0.809933
45	4.18868	-0.143015	-0.130244	0.804588
46	4.18871	-0.143511	-0.130317	0.804095
47	4.18873	-0.142812	-0.129911	0.804905
48	4.18875	-0.142949	-0.130315	0.804624
49	4.18879	-0.142848	-0.130101	0.8048
50	4.1888	-0.143222	-0.13028	0.804381
51	4.18879	-0.143121	-0.129961	0.804596
52	4.18883	-0.143179	-0.129852	0.804583
53	4.18906	-0.141037	-0.131101	0.806121
54	4.18902	-0.138188	-0.134635	0.807457
55	4.18858	-0.142387	-0.155405	0.795779
56	4.18875	-0.156946	-0.164713	0.778906
57	4.18845	-0.154792	-0.164268	0.781057
58	4.18809	-0.14808	-0.158833	0.789241
59	4.18836	-0.145862	-0.157589	0.791753
60	4.1885	-0.146022	-0.157171	0.791758
61	4.18853	-0.14576	-0.157915	0.791727
62	4.18856	-0.14326	-0.156341	0.794624
63	4.18857	-0.136537	-0.153472	0.801926
64	4.18843	-0.130791	-0.150065	0.808542
65	4.18842	-0.130474	-0.150697	0.808599
66	4.18839	-0.130778	-0.152255	0.807732
67	4.18836	-0.131211	-0.153048	0.807032
68	4.18839	-0.131468	-0.152709	0.80692
69	4.18851	-0.130518	-0.153067	0.807668
70	4.18865	-0.132153	-0.154044	0.805784
71	4.18875	-0.132327	-0.153953	0.805657
72	4.18884	-0.13184	-0.153731	0.806191
73	4.18876	-0.128248	-0.15393	0.809452
74	4.18886	-0.125782	-0.153154	0.812034
75	4.18881	-0.126991	-0.154904	0.810253
76	4.18876	-0.126922	-0.154674	0.810403
77	4.18873	-0.127137	-0.154297	0.810346
78	4.18878	-0.126559	-0.155393	0.81047
79	4.18873	-0.126179	-0.156085	0.810562
80	4.18875	-0.126179	-0.155628	0.810734
81	4.18881	-0.126117	-0.155555	0.81082
82	4.18891	-0.125981	-0.15663	0.810541
83	4.18898	-0.125513	-0.156701	0.810949
84	4.18899	-0.124275	-0.158227	0.811523
85	4.18878	-0.122829	-0.156762	0.813414
86	4.18885	-0.118728	-0.155407	0.817731
87	4.18894	-0.117024	-0.155167	0.819404
88	4.18894	-0.117148	-0.155682	0.819092
89	4.18899	-0.117139	-0.1557	0.819095
90	4.18901	-0.120645	-0.158413	0.814816
91	4.18926	-0.123797	-0.16066	0.811051
92	4.18933	-0.135867	-0.167284	0.797434
93	4.18972	-0.156092	-0.194099	0.769252
94	4.19005	-0.183717	-0.219552	0.735539
95	4.19015	-0.199944	-0.231312	0.717117
96	4.18993	-0.198638	-0.228335	0.719248
97	4.18986	-0.198426	-0.227497	0.719708
98	4.18994	-0.1983	-0.226438	0.720164
99	4.19007	-0.198675	-0.226101	0.719935
100	4.18969	-0.196709	-0.22339	0.722582
101	4.18981	-0.191995	-0.221435	0.727462
102	4.18942	-0.182797	-0.217395	0.737083
103	4.18929	-0.177163	-0.214083	0.743276
104	4.18898	-0.162906	-0.207686	0.758345
105	4.18857	-0.150222	-0.188849	0.776461
106	4.18858	-0.150265	-0.187052	0.77706
107	4.18866	-0.150738	-0.187267	0.77655
108	4.18869	-0.151455	-0.18748	0.77582
109	4.18863	-0.150888	-0.185734	0.776958
110	4.18871	-0.149713	-0.183263	0.778914
111	4.18874	-0.151087	-0.182393	0.777965
112	4.18879	-0.151108	-0.181846	0.778141
113	4.18873	-0.150736	-0.180743	0.778876
114	4.1888	-0.151042	-0.181517	0.778319
115	4.18871	-0.150518	-0.180857	0.779035
116	4.18875	-0.150533	-0.180039	0.779313
117	4.18872	-0.150527	-0.17963	0.779465
118	4.18864	-0.149991	-0.179287	0.78008
119	4.18879	-0.150781	-0.179135	0.779409
120	4.18869	-0.150449	-0.178514	0.779937
121	4.18864	-0.149141	-0.178561	0.78112
122	4.18862	-0.150348	-0.177843	0.780269
123	4.18867	-0.15054	-0.177762	0.780122
124	4.18867	-0.150415	-0.177682	0.780266
125	4.18863	-0.149788	-0.177704	0.780833
126	4.18865	-0.148925	-0.177425	0.781726
127	4.18876	-0.147947	-0.177488	0.782601
128	4.18879	-0.147802	-0.177631	0.782683
129	4.18876	-0.147739	-0.178081	0.78258
130	4.18883	-0.147142	-0.177775	0.783238
131	4.18879	-0.146922	-0.17871	0.783104
132	4.1889	-0.146769	-0.17816	0.783442
133	4.18885	-0.147499	-0.177263	0.783094
134	4.18888	-0.147404	-0.175989	0.78364
135	4.18893	-0.14745	-0.175432	0.783798
136	4.18899	-0.147253	-0.17318	0.784792
137	4.18912	-0.144373	-0.161942	0.791535
138	4.18905	-0.145135	-0.163154	0.790388
139	4.18897	-0.138621	-0.159181	0.797876
140	4.18903	-0.129078	-0.155314	0.808162
141	4.18898	-0.128274	-0.156597	0.808427
142	4.18899	-0.128179	-0.156913	0.808397
143	4.18909	-0.127129	-0.157635	0.8091
144	4.18916	-0.127189	-0.158645	0.808666
145	4.18925	-0.126837	-0.159125	0.808812
146	4.18943	-0.12532	-0.159379	0.810122
147	4.18953	-0.123967	-0.159228	0.811432
148	4.18949	-0.122457	-0.159555	0.812707
149	4.18954	-0.122112	-0.159258	0.813138
150	4.18955	-0.121595	-0.159336	0.813588
